well	sample	name	n_root	n_cells	n_singlet	n_induction	FSC.H	BL1.H	YL2.H	nGFP	nRFP
A1	194-555-1	194-555-1	36215	35922	10030	9367	484411	2720	35374	2954.9	38246.8
A2	213-555-1	213-555-1	31660	31303	9772	9122	408931.5	2107.5	15307.5	2823.7	20760.8
A3	213-555-2	213-555-2	27844	27662	10073	9455	411686	1592	12197	2195.4	17162.9
A4	213-555-3	213-555-3	17221	16429	3134	2848	454196.5	2607.5	21168	3082.2	25032.4
A5	194-555-5	194-555-5	21562	21147	6476	6079	426703	2532	29023	3230.5	38161.6
A6	212-555-1	212-555-1	44189	43330	9755	8978	438902	2132	12452	2625.9	15195.9
A7	212-555-2	212-555-2	25111	24399	6064	5678	408890	2035	11090	2687.7	14780.6
A8	212-555-3	212-555-3	38526	37382	8012	7435	399064	1870	11064	2558.6	15100.6
A9	194-555-9	194-555-9	37742	36937	8545	7860	454668.5	2618	34876.5	3128.6	41930.5
A10	215-555-1	215-555-1	36832	35936	9865	9197	397961	2405	10437	3319.9	14089.4
A11	215-555-2	215-555-2	40456	39517	9827	9200	384521.5	1991	7042	2847.4	9888
A12	215-555-3	215-555-3	40824	39349	9661	8990	384663.5	2354.5	10374	3332.3	14686.5
B1	NA-blank-1	NA-blank-1	678	130	46	42	292593.5	1462	6350.5	2697.8	11029.8
B2	213-373-1	213-373-1	38250	37438	9210	8650	401974	2332	14389.5	3146.7	19435.2
B3	213-373-2	213-373-2	28656	28343	10211	9562	396552	1627	11502.5	2340	16611.9
B4	213-373-3	213-373-3	14080	13469	2931	2719	423976	2544	18341	3230.8	23559
B5	NA-156-2	NA-156-2	33384	32749	9605	9023	400863	821	74	1093.1	95.8
B6	212-373-1	212-373-1	18383	17711	4550	4265	385098	2066	11769	2981.3	16822.1
B7	212-373-2	212-373-2	35973	35383	9665	9108	371537.5	1751	8805	2653.6	13207.2
B8	212-373-3	212-373-3	31753	31010	8348	7823	373818	2013	10685	2967.3	15674.7
B9	NA-373-3	NA-373-3	34707	32956	9615	9009	378237	832	989	1191.2	1441.5
B10	215-373-1	215-373-1	27828	26872	6399	5932	383343.5	2877.5	12801.5	4117.8	18375
B11	215-373-2	215-373-2	27932	24508	3280	3005	383213	3040	11336	4472.8	16160.3
B12	215-373-3	215-373-3	38705	37152	9655	9052	358900	2525.5	11032.5	3863.6	16862.1
C1	194-555-2	194-555-2	28849	28389	8969	8144	464409.5	2817	32251	3229.3	37513.9
C2	232-555-1	232-555-1	23429	23084	7865	7301	410334	2288	27296	3125.2	38550.3
C3	232-555-2	232-555-2	27306	27015	10178	9609	386858	1600	21421	2377.4	31915.3
C4	232-555-3	232-555-3	9872	9498	3268	2983	422003	2434	32113	3162.1	42925.1
C5	194-555-6	194-555-6	11836	11556	3673	3408	421070.5	2472.5	26510.5	3180.4	34444.6
C6	216-555-1	216-555-1	30978	30624	9722	9281	382086	1995	2671	2890.4	3801.8
C7	216-555-2	216-555-2	28683	28332	9594	9182	355416	1894	2665	3011.4	4148.7
C8	216-555-3	216-555-3	24471	23855	7122	6770	376446	2175	2758	3193.2	3976.1
C9	194-555-10	194-555-10	10919	10562	3177	2876	421196.5	2482	28331	3239.4	36855.3
C10	209-555-1	209-555-1	30050	29775	9968	9427	351768	1559	7289	2433.3	11602.5
C11	209-555-2	209-555-2	31206	30438	7903	7230	400359.5	2330	13459.5	3157.5	18230.1
C12	209-555-3	209-555-3	32733	32287	9889	9278	372038	1892	9501.5	2811.7	14178.8
D1	NA-555-1	NA-555-1	26866	26647	9658	9185	396095	950	567	1297.4	779.8
D2	232-373-1	232-373-1	30223	29602	9609	9071	385108	2430	1484	3404.3	2086.4
D3	232-373-2	232-373-2	28748	28433	10375	9856	386340	1952	2547	2705.8	3663.6
D4	232-373-3	232-373-3	16550	15994	4855	4530	396430.5	2705	1631.5	3507.3	2215
D5	NA-blank-2	NA-blank-2	524	118	40	37	281100	1890	2181	3249.2	2968.8
D6	216-373-1	216-373-1	10440	9954	2931	2740	363572	2753	4761	4415.3	7622.3
D7	216-373-2	216-373-2	30110	29634	9532	8951	361178	2563	4533	4025.5	7297.2
D8	216-373-3	216-373-3	30109	29612	9609	9029	358202	3042	6272	4689.6	9782.6
D9	NA-156-3	NA-156-3	22319	21411	6589	6135	414622	848	75	1114.8	96
D10	209-373-1	209-373-1	29210	28826	9853	9379	334949	1355	5737	2240.5	9563.8
D11	209-373-2	209-373-2	34307	33336	9580	8921	362538	2186	10707	3331.7	16342.7
D12	209-373-3	209-373-3	32812	32218	9703	9094	358023.5	2038	9670	3145.1	15211.2
E1	194-555-3	194-555-3	32430	31981	9636	8921	430423	2445	26639	3058.2	33455.2
E2	234-555-1	234-555-1	45896	43648	10269	9365	496366	2074	38813	2134.9	40403.1
E3	234-555-2	234-555-2	43702	41564	10813	9907	502166	1800	35404	1825.7	35899.5
E4	234-555-3	234-555-3	3322	2906	472	412	511484.5	2454	43571.5	2403.5	42379.3
E5	194-555-7	194-555-7	6983	6729	2054	1852	445528	2615	28911	3123.9	35006.8
E6	219-555-1	219-555-1	10561	10095	2779	2504	437512.5	1974.5	34846	2417.1	43051.9
E7	219-555-2	219-555-2	5097	4705	1454	1281	435281	1933	37965	2504.8	48712.3
E8	219-555-3	219-555-3	18185	17508	5445	4949	399326	1799	37913	2510.9	54048.7
E9	194-555-11	194-555-11	12971	12545	4115	3756	422797	2434	27676.5	3143	36228.6
E10	194-529-1	194-529-1	17872	17685	6144	5720	423203	2306.5	35902.5	2946.5	46072.3
E11	194-529-2	194-529-2	14500	14298	4895	4500	435521.5	2417.5	38243.5	3017	47482.2
E12	194-529-3	194-529-3	16207	16021	5603	5212	407106	2109	30476	2840.3	42118.7
F1	NA-373-1	NA-373-1	16738	16408	5509	5172	382306.5	848.5	579	1200.1	827.4
F2	234-373-1	234-373-1	17215	16238	5408	4963	374243	3867	6188	5723.3	8853.5
F3	234-373-2	234-373-2	15857	15645	5684	5399	377646	2447	4610	3603.5	6978.7
F4	234-373-3	234-373-3	17781	17392	5272	4949	390552	4066	6569	5696.8	9074.7
F5	NA-555-2	NA-555-2	14439	14321	5416	5149	384401	843	533	1201.7	768.1
F6	219-373-1	219-373-1	8120	7725	2184	2042	382237	2150	6753	3178.1	9764.7
F7	219-373-2	219-373-2	16188	15961	5333	5067	353661	1779	5586	2798	8818.6
F8	219-373-3	219-373-3	15768	15566	5516	5208	359360.5	1857	6464.5	2891	9861.1
F9	NA-blank-3	NA-blank-3	948	500	178	166	337135	2050	1071.5	3075.2	1894.4
F10	194-373-1	194-373-1	15944	15649	5476	5151	370303	1746	1358	2575.9	1980.1
F11	194-373-2	194-373-2	17730	17068	5573	5187	391266	2025	1473	2722.8	1946
F12	194-373-3	194-373-3	17641	16979	5430	5079	397401	2181	1493	2868.9	1985.6
G1	194-555-4	194-555-4	18288	18040	5286	4896	431511	2497.5	26192.5	3099.8	32945.2
G2	235-555-1	235-555-1	14864	14603	5528	5209	361041	2715	3367	4124	5113.1
G3	235-555-2	235-555-2	14772	14704	5543	5291	341756	1540	2348	2453.1	3713.1
G4	235-555-3	235-555-3	18725	18344	5282	5035	384648	2819	2875	4065.9	4158.9
G5	194-555-8	194-555-8	8492	8261	2622	2377	437536	2492	26270	3078.8	32479.3
G6	239-555-1	239-555-1	17873	16054	3725	1623	493945	3135	42203	3118.7	42537.6
G7	239-555-2	239-555-2	23818	21022	4103	3547	497391	2996	39609	3014.4	40474.3
G8	239-555-3	239-555-3	15477	15090	5579	556	492286.5	2453	30833	2570.9	32283.9
G9	194-555-12	194-555-12	4596	4325	1343	1199	449385	2591	28650	3120.4	34723.7
G10	188-555-1	188-555-1	17212	16994	5447	4993	374607	1590	15037	2351.4	22415.5
G11	188-555-2	188-555-2	19029	18581	5259	4874	393361	1819	16621	2539.4	23422.3
G12	188-555-3	188-555-3	17081	16786	5400	4983	390181	1669	15962	2352.2	22619
H1	NA-156-1	NA-156-1	15052	14961	5347	5014	423968.5	883	75	1126.8	93.5
H2	235-373-1	235-373-1	15772	15541	5398	5055	363881	3787	5333	5802.7	8172.6
H3	235-373-2	235-373-2	16075	15878	5166	4885	362701	2871	4117	4338.9	6204.8
H4	235-373-3	235-373-3	15672	15462	5437	5141	351663	3290	4618	5245.2	7482.4
H5	NA-373-2	NA-373-2	16364	15975	5455	5155	397968	863	759	1169.6	1046.3
H6	239-373-1	239-373-1	16771	16467	5374	5007	344459	4720	9406	7702.3	15436.4
H7	239-373-2	239-373-2	15902	15721	5261	4945	338086	3811	8441	6324.6	14193
H8	239-373-3	239-373-3	16079	15856	5387	5110	326484	2683	7128	4633.6	12321.1
H9	NA-555-3	NA-555-3	14651	14492	5437	5144	400126	917.5	701	1234.7	957.2
H10	188-373-1	188-373-1	16493	16194	5336	4957	370823	1652	13927	2458.1	20641.6
H11	188-373-2	188-373-2	19813	19181	4900	4531	374185	1756	15483	2559.5	22563.9
H12	188-373-3	188-373-3	16818	16547	5240	4853	368822	1495	12227	2236.8	18507.9
