1	CACGTGG	0.499035438696771


A:	0.299579488923135	0.41232321741927	0.223369903461691	0.154415662315022	0.409535984158997	0.196697861305734	0.0666955740444846	0.024782712551079	0.987006974201004	0.000390832288238398	0.0350586100444734	0.00430236791491624	0.00114215221709124	0.00755821331052449	0.0901029642538803	0.0763920861101605	0.33880679644935	0.401062040410877	0.179195619649913	0.217169353092693
C:	0.297435589983142	0.262633304633593	0.103987542033978	0.147016589126843	0.164250368683294	0.420721075605312	0.49532407960318	0.973375240546171	0.00984053963487173	0.960458916759223	0.000729539906196834	0.000562452853417942	0.000788205996094131	0.430422133041811	0.292478098835074	0.349821561047549	0.359760952108785	0.271580514093454	0.145847858297223	0.185815568001029
G:	0.185815568001029	0.145847858297223	0.271580514093454	0.359760952108785	0.349821561047549	0.292478098835074	0.430422133041811	0.000340860735556645	0.000734415514984608	0.000963824547859804	0.96372846061854	0.00897179972768635	0.982625688836364	0.49532407960318	0.420721075605312	0.164250368683294	0.147016589126843	0.103987542033978	0.262633304633593	0.297435589983142
T:	0.217169353092693	0.179195619649913	0.401062040410877	0.33880679644935	0.0763920861101605	0.0901029642538803	0.00755821331052449	0.00150118616719313	0.00241807064913947	0.0381864264046791	0.000483389430790208	0.986163379503979	0.0154439529504511	0.0666955740444847	0.196697861305734	0.409535984158997	0.154415662315022	0.223369903461691	0.41232321741927	0.299579488923135



2	C.CACGTG	0.498421852472431


A:	0.299579488923135	0.41232321741927	0.223369903461691	0.154415662315022	0.409535984158997	0.196697861305734	0.0666955740444846	0.0181844095298153	0.989175054330147	0.000467808664615756	0.0553273136095033	0.00419473783941738	0.00100958617823691	0.00755821331052449	0.0901029642538803	0.0763920861101605	0.33880679644935	0.401062040410877	0.179195619649913	0.217169353092693
C:	0.297435589983142	0.262633304633593	0.103987542033978	0.147016589126843	0.164250368683294	0.420721075605312	0.49532407960318	0.979507930249495	0.00683613509364315	0.958499480026242	0.000880558281421001	0.00150408666221125	0.000687959696051398	0.430422133041811	0.292478098835074	0.349821561047549	0.359760952108785	0.271580514093454	0.145847858297223	0.185815568001029
G:	0.185815568001029	0.145847858297223	0.271580514093454	0.359760952108785	0.349821561047549	0.292478098835074	0.430422133041811	0.00041479263456494	0.00108412986673088	0.00145924620359738	0.943281437929252	0.00669505993292189	0.969782315858103	0.49532407960318	0.420721075605312	0.164250368683294	0.147016589126843	0.103987542033978	0.262633304633593	0.297435589983142
T:	0.217169353092693	0.179195619649913	0.401062040410877	0.33880679644935	0.0763920861101605	0.0901029642538803	0.00755821331052449	0.00189286758612493	0.00290468070947864	0.0395734651055452	0.000510690179823676	0.98760611556545	0.0285201382676091	0.0666955740444847	0.196697861305734	0.409535984158997	0.154415662315022	0.223369903461691	0.41232321741927	0.299579488923135



3	CACGTGC	0.498103896103896


A:	0.299579488923135	0.41232321741927	0.223369903461691	0.154415662315022	0.409535984158997	0.196697861305734	0.0666955740444846	0.0269694322949534	0.984504785972198	0.000261737715857936	0.0542379855085418	0.0033526276398539	0.00102796383045931	0.00755821331052449	0.0901029642538803	0.0763920861101605	0.33880679644935	0.401062040410877	0.179195619649913	0.217169353092693
C:	0.297435589983142	0.262633304633593	0.103987542033978	0.147016589126843	0.164250368683294	0.420721075605312	0.49532407960318	0.971157714072667	0.0121190493087704	0.935045809582753	0.00172090840453476	0.00165414549918956	0.000441485377772492	0.430422133041811	0.292478098835074	0.349821561047549	0.359760952108785	0.271580514093454	0.145847858297223	0.185815568001029
G:	0.185815568001029	0.145847858297223	0.271580514093454	0.359760952108785	0.349821561047549	0.292478098835074	0.430422133041811	0.000726526282079113	0.00071938461766339	0.00115431661940146	0.943847663741938	0.00323026254790985	0.967749011457983	0.49532407960318	0.420721075605312	0.164250368683294	0.147016589126843	0.103987542033978	0.262633304633593	0.297435589983142
T:	0.217169353092693	0.179195619649913	0.401062040410877	0.33880679644935	0.0763920861101605	0.0901029642538803	0.00755821331052449	0.00114632735030005	0.00265678010136823	0.0635381360819871	0.000193442344985365	0.991762964313047	0.0307815393337858	0.0666955740444847	0.196697861305734	0.409535984158997	0.154415662315022	0.223369903461691	0.41232321741927	0.299579488923135



4	A..CACGTG	0.497979148814624


A:	0.299579488923135	0.41232321741927	0.223369903461691	0.154415662315022	0.409535984158997	0.196697861305734	0.0666955740444846	0.0206088947432981	0.986368958249302	0.000340778324489612	0.0476782468600812	0.00563056931007858	0.00184534732840951	0.00755821331052449	0.0901029642538803	0.0763920861101605	0.33880679644935	0.401062040410877	0.179195619649913	0.217169353092693
C:	0.297435589983142	0.262633304633593	0.103987542033978	0.147016589126843	0.164250368683294	0.420721075605312	0.49532407960318	0.977019800618794	0.00755349041777618	0.952405348281458	0.00130237754850868	0.000948605143830105	0.000712469971940906	0.430422133041811	0.292478098835074	0.349821561047549	0.359760952108785	0.271580514093454	0.145847858297223	0.185815568001029
G:	0.185815568001029	0.145847858297223	0.271580514093454	0.359760952108785	0.349821561047549	0.292478098835074	0.430422133041811	0.000785355087104127	0.000712700534818414	0.00149126308372241	0.950689674565278	0.00682531470579251	0.983562058335875	0.49532407960318	0.420721075605312	0.164250368683294	0.147016589126843	0.103987542033978	0.262633304633593	0.297435589983142
T:	0.217169353092693	0.179195619649913	0.401062040410877	0.33880679644935	0.0763920861101605	0.0901029642538803	0.00755821331052449	0.00158594955080323	0.00536485079810346	0.04576261031033	0.000329701026132324	0.986595510840299	0.0138801243637743	0.0666955740444847	0.196697861305734	0.409535984158997	0.154415662315022	0.223369903461691	0.41232321741927	0.299579488923135



5	CACGTG.C	0.497645289958622


A:	0.299579488923135	0.41232321741927	0.223369903461691	0.154415662315022	0.409535984158997	0.196697861305734	0.0666955740444846	0.017565654562556	0.985794111947517	0.000344254834782774	0.0414033157118957	0.00256267150935125	0.0012514190896083	0.00755821331052449	0.0901029642538803	0.0763920861101605	0.33880679644935	0.401062040410877	0.179195619649913	0.217169353092693
C:	0.297435589983142	0.262633304633593	0.103987542033978	0.147016589126843	0.164250368683294	0.420721075605312	0.49532407960318	0.980405922428624	0.0115534157899805	0.967768723241942	0.000770516792380948	0.00083605634047317	0.000750021788712847	0.430422133041811	0.292478098835074	0.349821561047549	0.359760952108785	0.271580514093454	0.145847858297223	0.185815568001029
G:	0.185815568001029	0.145847858297223	0.271580514093454	0.359760952108785	0.349821561047549	0.292478098835074	0.430422133041811	0.00043411345796607	0.000801438943561514	0.00109543794641953	0.95741740008856	0.00789728260780903	0.978514781821827	0.49532407960318	0.420721075605312	0.164250368683294	0.147016589126843	0.103987542033978	0.262633304633593	0.297435589983142
T:	0.217169353092693	0.179195619649913	0.401062040410877	0.33880679644935	0.0763920861101605	0.0901029642538803	0.00755821331052449	0.00159430955085406	0.00185103331894066	0.0307915839768557	0.000408767407163058	0.988703989542367	0.0194837772998516	0.0666955740444847	0.196697861305734	0.409535984158997	0.154415662315022	0.223369903461691	0.41232321741927	0.299579488923135



