1	CACGTGC	0.498448051948052


A:	0.360875738045895	0.259081985574215	0.233501545551324	0.223938714376978	0.420139164368827	0.381136725075017	0.0912099726437237	0.0312758071930297	0.98881855779863	0.000633636385459411	0.0293305843404684	0.00429955738401621	0.00131832956943432	0.00506646773017623	0.151391864303678	0.119469958693686	0.290076075793702	0.142684013045072	0.191516587040767	0.321973497926899
C:	0.256150115165438	0.193141616309988	0.264511619690914	0.162073894217561	0.184120116854316	0.327256937487295	0.336125557365412	0.966142055893724	0.00187426417399452	0.961020952432117	0.00166669396443043	0.0103861535701792	0.000427927099655966	0.567598002260688	0.14021447313401	0.276270760083171	0.32391131561176	0.35930282171269	0.35625981107503	0.061000648861767
G:	0.061000648861767	0.35625981107503	0.35930282171269	0.32391131561176	0.276270760083171	0.14021447313401	0.567598002260688	0.00100092282949474	0.00511486142033946	0.000849052881222134	0.968587542714948	0.000652509212926717	0.95307536731077	0.336125557365412	0.327256937487295	0.184120116854316	0.162073894217561	0.264511619690914	0.193141616309988	0.256150115165439
T:	0.321973497926899	0.191516587040767	0.142684013045072	0.290076075793702	0.119469958693686	0.151391864303678	0.00506646773017623	0.00158121408375114	0.00419231660703566	0.037496358301201	0.000415178980152707	0.984661779832878	0.0451783760201401	0.0912099726437237	0.381136725075017	0.420139164368827	0.223938714376978	0.233501545551324	0.259081985574215	0.360875738045895



2	CACGTGG	0.498320948842526


A:	0.360875738045895	0.259081985574215	0.233501545551324	0.223938714376978	0.420139164368827	0.381136725075017	0.0912099726437237	0.0419769552571367	0.989262750364651	0.000867163002995576	0.0283322533052699	0.00628615933162274	0.00157647006584346	0.00506646773017623	0.151391864303678	0.119469958693686	0.290076075793702	0.142684013045072	0.191516587040767	0.321973497926899
C:	0.256150115165438	0.193141616309988	0.264511619690914	0.162073894217561	0.184120116854316	0.327256937487295	0.336125557365412	0.95578031670317	0.00120817889127299	0.973757613918027	0.000742004361478618	0.00211586904262308	0.000663206834407796	0.567598002260688	0.14021447313401	0.276270760083171	0.32391131561176	0.35930282171269	0.35625981107503	0.061000648861767
G:	0.061000648861767	0.35625981107503	0.35930282171269	0.32391131561176	0.276270760083171	0.14021447313401	0.567598002260688	0.000349358674131648	0.00612319828378077	0.000865082557230589	0.970197240227952	0.00196695269223748	0.968438420148582	0.336125557365412	0.327256937487295	0.184120116854316	0.162073894217561	0.264511619690914	0.193141616309988	0.256150115165439
T:	0.321973497926899	0.191516587040767	0.142684013045072	0.290076075793702	0.119469958693686	0.151391864303678	0.00506646773017623	0.00189336936556205	0.00340587246029536	0.0245101405217471	0.000728502105299608	0.989631018933517	0.0293219029511663	0.0912099726437237	0.381136725075017	0.420139164368827	0.223938714376978	0.233501545551324	0.259081985574215	0.360875738045895



3	C.CACGTG	0.498291963787034


A:	0.360875738045895	0.259081985574215	0.233501545551324	0.223938714376978	0.420139164368827	0.381136725075017	0.0912099726437237	0.0294107114951885	0.990046432290368	0.000830069334815712	0.0292658039491032	0.00630090759452465	0.00177342735873762	0.00506646773017623	0.151391864303678	0.119469958693686	0.290076075793702	0.142684013045072	0.191516587040767	0.321973497926899
C:	0.256150115165438	0.193141616309988	0.264511619690914	0.162073894217561	0.184120116854316	0.327256937487295	0.336125557365412	0.968087804990112	0.00168488641091525	0.967387200944194	0.000773673385518576	0.00411280571628378	0.000805194092955904	0.567598002260688	0.14021447313401	0.276270760083171	0.32391131561176	0.35930282171269	0.35625981107503	0.061000648861767
G:	0.061000648861767	0.35625981107503	0.35930282171269	0.32391131561176	0.276270760083171	0.14021447313401	0.567598002260688	0.000517041837883315	0.00544131069757571	0.00107903259776685	0.96905150218665	0.00200842050745763	0.960318205904448	0.336125557365412	0.327256937487295	0.184120116854316	0.162073894217561	0.264511619690914	0.193141616309988	0.256150115165439
T:	0.321973497926899	0.191516587040767	0.142684013045072	0.290076075793702	0.119469958693686	0.151391864303678	0.00506646773017623	0.00198444167681613	0.00282737060114055	0.0307036971232236	0.000909020478727709	0.987577866181734	0.0371031726438581	0.0912099726437237	0.381136725075017	0.420139164368827	0.223938714376978	0.233501545551324	0.259081985574215	0.360875738045895



4	A..CACGTG	0.49777206512425


A:	0.360875738045895	0.259081985574215	0.233501545551324	0.223938714376978	0.420139164368827	0.381136725075017	0.0912099726437237	0.0306724241108916	0.988585375116136	0.000526902638891249	0.0325854547322618	0.00448993292255181	0.00207840199394945	0.00506646773017623	0.151391864303678	0.119469958693686	0.290076075793702	0.142684013045072	0.191516587040767	0.321973497926899
C:	0.256150115165438	0.193141616309988	0.264511619690914	0.162073894217561	0.184120116854316	0.327256937487295	0.336125557365412	0.966656858708388	0.0028661144310267	0.970757561386951	0.000975098465564639	0.00556520805231291	0.000691717534252555	0.567598002260688	0.14021447313401	0.276270760083171	0.32391131561176	0.35930282171269	0.35625981107503	0.061000648861767
G:	0.061000648861767	0.35625981107503	0.35930282171269	0.32391131561176	0.276270760083171	0.14021447313401	0.567598002260688	0.000692329961315267	0.00391711822165393	0.00139380042043955	0.965826520604318	0.00157196486140542	0.973481810123854	0.336125557365412	0.327256937487295	0.184120116854316	0.162073894217561	0.264511619690914	0.193141616309988	0.256150115165439
T:	0.321973497926899	0.191516587040767	0.142684013045072	0.290076075793702	0.119469958693686	0.151391864303678	0.00506646773017623	0.00197838721940458	0.00463139223118313	0.0273217355537185	0.000612926197855172	0.98837289416373	0.0237480703479442	0.0912099726437237	0.381136725075017	0.420139164368827	0.223938714376978	0.233501545551324	0.259081985574215	0.360875738045895



5	A.CACGTG	0.497465476434522


A:	0.360875738045895	0.259081985574215	0.233501545551324	0.223938714376978	0.420139164368827	0.381136725075017	0.0912099726437237	0.0540088505438918	0.991901516845854	0.000574470040132538	0.0333145603579611	0.00348314137031127	0.00179714089503892	0.00506646773017623	0.151391864303678	0.119469958693686	0.290076075793702	0.142684013045072	0.191516587040767	0.321973497926899
C:	0.256150115165438	0.193141616309988	0.264511619690914	0.162073894217561	0.184120116854316	0.327256937487295	0.336125557365412	0.944390538254148	0.00165459145310012	0.966816910853381	0.000588088378292064	0.00373348632321818	0.000529130322843259	0.567598002260688	0.14021447313401	0.276270760083171	0.32391131561176	0.35930282171269	0.35625981107503	0.061000648861767
G:	0.061000648861767	0.35625981107503	0.35930282171269	0.32391131561176	0.276270760083171	0.14021447313401	0.567598002260688	0.000709161970509804	0.00349337208656921	0.000897489372299233	0.9654270368051	0.00135820594960741	0.970041253310093	0.336125557365412	0.327256937487295	0.184120116854316	0.162073894217561	0.264511619690914	0.193141616309988	0.256150115165439
T:	0.321973497926899	0.191516587040767	0.142684013045072	0.290076075793702	0.119469958693686	0.151391864303678	0.00506646773017623	0.000891449231450388	0.0029505196144769	0.0317111297341877	0.000670314458647124	0.991425166356863	0.0276324754720244	0.0912099726437237	0.381136725075017	0.420139164368827	0.223938714376978	0.233501545551324	0.259081985574215	0.360875738045895



